5
10
15
20
25
30
35
40
45
105
110
115
120
125
130
135
140
145
150
1
6
11
16
21
26
31
36
41
46
101
106
111
116
121
126
131
136
141
146
2
7
12
17
22
27
32
37
42
47
102
107
112
117
122
127
132
137
142
147
3
8
13
18
23
28
33
38
43
48
103
108
113
118
123
128
133
138
143
148
4
9
14
19
24
29
34
39
44
49
104
109
114
119
124
129
134
139
144
149
5
10
15
20
25
30
35
40
45
105
110
115
120
125
130
135
140
145
150
1
6
11
16
21
26
31
36
41
46
101
106
111
116
121
126
131
136
141
146
2
7
12
17
22
27
32
37
42
47
102
107
112
117
122
127
132
137
142
147
3
8
13
18
23
28
33
38
43
48
103
108
113
118
123
128
133
138
143
148
4
9
14
19
24
29
34
39
44
49
104
109
114
119
124
129
134
139
144
149
